-0.62552098816025403227,-0.76736100455440003909,0.14099851793647000253
-0.76724274137004999652,0.14111163829346098919,-0.62564053685251796999
0.62549292863399197362,0.76733660249794699570,0.14125556518516099724
0.14125997828575301285,-0.62549733653830896785,-0.76733219697741694709
0.76721717759772201095,0.14114244506563300430,0.62566493636760600605
0.14099410473243600972,0.62552289788503701029,0.76736025871308000124
0.76736712135195594975,-0.14100347084649500484,-0.62551236780518904013
-0.14110742173862700355,0.62563000782531097421,-0.76725210253135101013
-0.76734155757957500654,-0.14125061251247000849,0.62548796829052100144
-0.14114666127949399010,-0.62565556917104203638,0.76722404079571904223
-0.62563191604213397312,0.76724769830047900854,-0.14112290771545599188
0.62565997556820795999,-0.76722329624467999754,-0.14113117540585601306
0.55718804807150901226,-0.04475345647833599977,-0.82917947829134197590
-0.04485587811454200269,-0.82928321459249398906,0.55702540354431995251
-0.55702317656050903683,0.04489683751234999770,-0.82928249394029196484
-0.82927698135379002142,0.55703033190420503384,-0.04490988238058499921
0.04500608513202999927,-0.82917875903364501866,-0.55716876964570805075
-0.82918499027380598854,-0.55718052466765499720,0.04474499788474600032
0.04474511262700699848,0.82918688703432896769,0.55717769272137596115
0.82928590372669597208,-0.55702257253401499248,-0.04484131541096599699
-0.04489531964450300255,0.82927508659166504490,-0.55703432661946794546
0.82917606790087494684,0.55717276529851500477,0.04500619990677900278
0.55701504778817001462,0.04485436035495000279,0.82929025250191501506
-0.55717991929915999805,-0.04499774138897399967,0.82917171972979897276
-0.25606556541091302082,0.86077038249211301757,0.43989177627590597686
0.86081719374945198098,0.43994289345351500486,-0.25582026785434297533
0.25597811384409902002,-0.86084643502441804408,0.43979383867736099312
0.43978041092751302132,-0.25597846406739999114,0.86085319079278699306
-0.86089686693789002625,0.43974272223969801399,0.25589631246609600979
0.43990520370521202231,0.25605812969381097632,-0.86076573233998099344
-0.86076630581432300726,-0.43989863859713501659,-0.25606748043269800252
-0.43995156541454599752,0.25582961902214101935,0.86080998258632901443
0.86084597900267401105,-0.43978697709420699891,0.25599143582016198328
-0.43973404921832598413,-0.25590928465027801275,-0.86089744103919696450
-0.25582218268915202231,-0.86081673980214601372,-0.43994266822003402773
0.25590963425598700631,0.86089279233474502728,-0.43974294673258002009
-0.21484747074631199704,-0.03239846898907799977,0.97611008780827401843
-0.03236168906853199856,0.97614987283473797497,-0.21467218461029699550
0.21465339125871499282,0.03222968714374899873,0.97615837285132600609
0.97615689068417499374,-0.21466216402371399163,-0.03221614667304399660
0.03218487197615699930,0.97611858946613905275,0.21484094887733498624
0.97611156926422903979,0.21483896433853100216,0.03241024144420399933
0.03240438731759699709,-0.97611274016758897698,-0.21483452740444700102
-0.97615046971745000892,0.21466774803890700807,-0.03237311264470599942
-0.03222757022524799786,-0.97615572213334600438,0.21466576313819399346
-0.97611799023095502381,-0.21484454835123700800,0.03217901787241900236
-0.21465924111250100914,0.03235957222646099890,-0.97615278941891303610
0.21485332060011999578,-0.03219079038364400236,-0.97611567124064702039
-0.53165795341807497998,-0.82733395309414903274,-0.18126872489459300297
-0.82723218781240603903,-0.18117329158711201198,-0.53184879981305899221
0.53169396936776902596,0.82736527447942198599,-0.18101995890933200717
-0.18101393718458499982,-0.53169577178312599219,-0.82736543365847803333
0.82726500032423999631,-0.18111539252056499394,0.53181748168958997702
-0.18127474648822200498,0.53166296238471599800,0.82732941487290201366
0.82733791296439895824,0.18126523580375100697,-0.53165298086319801030
0.18117842505718900759,0.53183881918442399428,-0.82723748023304299881
-0.82737072547624401775,0.18102344830596800440,0.53168429898609004258
0.18111025861543300630,-0.53180600978737802009,0.82727349901848001856
-0.53184382687047704330,0.82723764080317496727,0.18116299141426400743
0.53180781092069195903,-0.82726896218810797023,0.18112569239054299164
-0.66005297843145305237,-0.64107030142388998772,-0.39161069226471700855
-0.64094327816202401049,-0.39149062636001302762,-0.66024753210531794689
0.66013081619875302319,0.64113799328744602857,-0.39136859744761698376
-0.39136612719466501442,-0.66012999043443698621,-0.64114035141588099354
0.64101419265168002593,-0.39148866400992499148,0.66017984729226497631
-0.39161316223270598025,0.66005908267428703429,0.64106250751801097110
0.64107453220554200257,0.39160477185840397718,-0.66005238187220605095
0.39149358257622601798,0.66024083241350595141,-0.64094837390819003886
-0.64114544669527695486,0.39137451851339299935,0.66012006668508704799
0.39148570685099998157,-0.66016992465307600124,0.64102621780620294700
-0.66024693506526499487,0.64095073311544603634,0.39147942788312301010
0.66016909729786299454,-0.64101842497735295190,0.39149986182944901403
-0.88780954478645102146,-0.29623400130957600052,0.35219260164602200769
-0.29606679202398800133,0.35235640251299599202,-0.88780032680142895174
0.88773949759830994566,0.29617308454855401090,0.35242032914248200282
0.35241631177768500960,-0.88774383566762504749,-0.29616486190489599295
0.29600297518161600152,0.35225652886781699813,0.88786123721763399175
0.35219661875437602294,0.88780764645461296425,0.29623491461120199375
0.29624330876316001815,-0.35220289417086997341,-0.88780235601777801602
-0.35235743521461598826,0.88779503785732405419,-0.29608142225558498062
-0.29617949192046300055,-0.35241003721051500364,0.88774144560171397433
-0.35225549531753602706,-0.88785884864438702202,0.29601136954931500656
-0.88779313738577503301,0.29607320010986298842,-0.35236913228520400088
0.88786318457398505366,-0.29601228334985002499,-0.35224379850346498877
-0.26223504413331999441,-0.96319683231608299590,-0.05903087196255599883
-0.96314675317787901143,-0.05898607663366999682,-0.26242898964534699946
0.26224675918237899674,0.96320702034564298355,-0.05881218628148700278
-0.05880201827075200172,-0.26225020229379597536,-0.96320670369560301705
0.96315742623209199547,-0.05885698170873299856,0.26241880267639200452
-0.05904103993067699729,0.26223953025181001575,0.96319498772430001132
0.96319891046170602600,0.05903143538266000107,-0.26222728409157697316
0.05899352177531599906,0.26241674392460101473,-0.96314963370005801657
-0.96320958351592200763,0.05881162296107100146,0.26223747105966399573
0.05884953642617699737,-0.26240607188442000020,0.96316134967128597122
-0.26242122941200901609,0.96314931866947095518,0.05897871056935700268
0.26240951436281401143,-0.96315950669898997560,0.05886434767523199968
-0.71550756396758596889,-0.55120377013878596451,0.42921245285983899986
-0.55106960749299505054,0.42934318058472697999,-0.71553247374448802898
0.71542220236242304310,0.55112953514542895039,0.42945000623737800138
0.42945081991723099701,-0.71542827141113796152,-0.55112102276912700027
0.55099183837379994699,0.42931927923402501968,0.71560670100512502323
0.42921163886689700506,0.71550603315030003593,0.55120639109748603701
0.55121186943026401206,-0.42921946203971500511,-0.71549711977444796496
-0.42934124731755901605,0.71552356157107399603,-0.55108268543699401310
-0.55113410031069798301,-0.42944299777979000332,0.71542289251366897318
-0.42932121146642199250,-0.71560132331116299564,0.55099731710809296548
-0.71552202902948902619,0.55107417398569402689,-0.42935472600113200325
0.71560739063481004774,-0.55099993899509802642,-0.42930773309624498113
