0.23575446997804000437,-0.73085075300919799535,-0.64052869312097304721
0.72491812524001597584,0.39276691443290401295,-0.56588679311798495419
-0.23576339266026000163,0.73084912928812295618,-0.64052726163693995964
-0.72492307796112398499,-0.39277069741654402346,-0.56587782275884601635
-0.17263365390900500818,-0.84436954023910604228,-0.50718606157348999908
0.75194695158458302320,-0.13540723574389801342,-0.64516715858051099097
0.17262549857619499671,0.84437194973511398022,-0.50718482601694903078
-0.75194705419053897710,0.13539690499465301121,-0.64516920711704695002
-0.51095311392444697773,-0.85544363640470699739,-0.08451686403081300203
0.82736223981555701013,-0.45652940102293998459,-0.32718898228549897489
0.51095576163873202002,0.85544190769169403676,-0.08451835429644199982
-0.82736457983429501084,0.45652637909005000516,-0.32718728158433901809
-0.62484197490102699746,0.71107461966119900332,-0.32240563220183598991
-0.68031889141348500516,-0.68958903038345198411,-0.24826029718973999239
0.62483866665599996360,-0.71107546847848002169,-0.32241017164423002583
0.68031323628755102639,0.68958976844704200637,-0.24827374364824300601
-0.28101527963118699827,0.89382986042936296567,-0.34942609121047601972
-0.90341236438676097986,-0.30201774755434701580,-0.30435403732383897735
0.28101062777774199475,-0.89383032306632803632,-0.34942864885853597290
0.90340905651989400482,0.30202068551420102605,-0.30436094052845902302
0.40968319631837002426,-0.30732868620562098227,-0.85889973645908801458
0.33131555230706699611,0.44851789016931997711,-0.83009740813805998894
-0.40968927156726597794,0.30732780787392199873,-0.85889715290603496634
-0.33131785919272299656,-0.44851917090320297943,-0.83009579538283095879
0.25155213364043399471,-0.96777378705106797963,-0.01163705967073700061
0.99471580027748396358,0.09514819689318100571,0.03856549372562299849
-0.25155322296767801404,0.96777350011729601498,-0.01163737450167199976
-0.99471538689225802443,-0.09514891344217099589,0.03857438723505599715
-0.46188051843840699506,-0.67199408196371002155,0.57886988217804002943
0.65124170356771005075,-0.39386493104117697994,0.64865604108044494502
0.46189030974239297933,0.67199538324845198289,0.57886055890762000420
-0.65123254092699200957,0.39387129426971700941,0.64866137636525900145
0.50215953860006701248,0.37843783865704100355,0.77757353354236302678
-0.33881012791047998567,0.62524384541887501054,0.70304895348126494881
-0.50216667615774401856,-0.37843285402305298915,0.77757135000760602139
0.33882246966998502691,-0.62524235983067200095,0.70304432685294104832
-0.92627702822769597546,0.06597693607145099781,-0.37102279024918699557
-0.14200932986279099501,-0.96409984152573902083,-0.22437657141949099437
0.92627718017375704207,-0.06597532320103399739,-0.37102269771251600305
0.14201024093470099308,0.96409978881239100090,-0.22437622129265799575
0.42263090543861397963,0.86102465440134101637,0.28287746867007301788
-0.85909275116513894588,0.30504954824097701982,0.41097982677193301004
-0.42262589730993599391,-0.86102448457413405247,0.28288546779009099419
0.85909779599432301023,-0.30503968423956701050,0.41097660268769897751
0.96344752502615205181,-0.26739792726713501603,-0.01634671264265399881
0.11623790821872100054,0.98300126670664800255,0.14211705860332798923
-0.96344937363578098122,0.26739145448857298826,-0.01634363812944400127
-0.11624018201395100447,-0.98300088633835103202,0.14211782978704801117
-0.27903547884491797237,-0.07277204545861799823,-0.95751941544052099342
0.06153338259236899865,-0.23891127216685401069,-0.96908980329913496643
0.27903574376532602752,0.07277661687403999546,-0.95751899079741498166
-0.06153640256393200225,0.23891739994611899123,-0.96908810082596497093
-0.21275776165383700200,-0.26643462364660597252,0.94007804259983696049
0.20761881302920501269,-0.37468389519987899128,0.90360744084706901003
0.21275622832264601270,0.26642990964732699011,0.94007972563779895747
-0.20761022407940099566,0.37468089294825501767,0.90361065914319504966
0.88251833139083701862,0.46811964932899202685,0.04500431836207399727
-0.58868299584334105035,0.80703968842102202785,0.04625226176317100146
-0.88252027852154901755,-0.46811507393465301430,0.04501372627768700230
0.58868168898791894961,-0.80704099113279903488,0.04624616396763100296
-0.00569135444193199971,0.57943899005119503531,-0.81499574556746501308
-0.59975491314067697068,-0.13481258741088600339,-0.78874559297608803909
0.00568522363418800039,-0.57943544539861902010,-0.81499830849390997312
0.59975700237644202772,0.13480292096111801126,-0.78874565647030603355
-0.05772451706672600269,-0.83509484703333103361,0.54706898704623196927
0.68196904709765304720,0.00044935001023199998,0.73138089726577304450
0.05773384078470600311,0.83509638876820702080,0.54706564971175697387
-0.68196730230842295128,-0.00044497949656400001,0.73138252684584903474
0.55431929431468296432,-0.71847803690903000451,0.42014215502591301110
0.78542846517193898315,0.33126492367890697510,0.52284383561218295000
-0.55431472703207396169,0.71847924544939800739,0.42014611417198799437
-0.78543029029402400276,-0.33126852017225499880,0.52283881515389696304
0.45976895797216699169,0.67502298470032795485,-0.57702380835754796262
-0.56084400899217501379,0.50226574728728001773,-0.65816648097539498519
-0.45977724200197500615,-0.67502274496205805221,-0.57701748805469099679
0.56083597439231303028,-0.50226965495980702148,-0.65817034537722896026
-0.23023727231331300724,0.90121323709979594963,0.36715868464988399289
-0.92626968084466698716,-0.05713611328589299904,0.37250495688849699638
0.23023856001516498915,-0.90121359704603598573,0.36715699364371201519
0.92627389461678799609,0.05714587940920699827,0.37249298062915997543
-0.09423386896683699776,-0.61018020829304098207,0.78663847563350397518
0.42131808465326298085,-0.09983888399238100009,0.90140072597444798053
0.09424109759569100631,0.61018315236595399575,0.78663532598829200015
-0.42131525719114099049,0.09984003433925700555,0.90140192012281594724
0.74091192711235798196,0.61323329759396405514,0.27385112558593599497
-0.81959490160582704199,0.55747688646131099421,0.13222601227873900798
-0.74090417933222696423,-0.61324066230830698299,0.27385559541427800800
0.81959366770089103760,-0.55747835004199397524,0.13222748995219599233
0.00000008660930600000,-0.00000542222016800000,0.99999999998529598422
