0.88122888579730995762,-0.33025440718036497278,0.33818290520719201941
-0.33025440718034199117,0.33818290520728899740,0.88122888579728198000
-0.88122888579727398639,0.33025440718033000076,0.33818290520732202653
0.33818290520722499304,0.88122888579729097280,-0.33025440718038401311
0.33025440718033899357,0.33818290520726801418,-0.88122888579729097280
0.33818290520724197945,-0.88122888579727398639,0.33025440718040999233
0.33025440718045800947,-0.33818290520723098824,0.88122888579726099678
-0.33818290520725902137,-0.88122888579728997360,-0.33025440718034998477
-0.33025440718041598753,-0.33818290520730398541,-0.88122888579724800717
-0.33818290520723798265,0.88122888579728597680,0.33025440718038401311
0.88122888579725000557,0.33025440718037502030,-0.33818290520734001214
-0.88122888579728297920,-0.33025440718040699473,-0.33818290520722299464
-0.61130412035704995155,0.09585687603924800126,0.78556904963885199056
0.09585687603909100185,0.78556904963885798576,-0.61130412035706804819
0.61130412035716696906,-0.09585687603921100308,0.78556904963876594827
0.78556904963884000015,-0.61130412035708303620,0.09585687603914200272
-0.09585687603909300025,0.78556904963884899296,0.61130412035707903939
0.78556904963881901693,0.61130412035709003060,-0.09585687603926799916
-0.09585687603917800170,-0.78556904963883000814,-0.61130412035709003060
-0.78556904963887497217,0.61130412035702197393,0.09585687603923699618
0.09585687603918199851,-0.78556904963878804171,0.61130412035714298824
-0.78556904963882201454,-0.61130412035711101382,-0.09585687603911299814
-0.61130412035712600183,-0.09585687603922700417,-0.78556904963879603532
0.61130412035703396434,0.09585687603918599531,-0.78556904963887297377
-0.69989533855089902659,0.38788163125844099532,0.59974524192111200449
0.38788163125826902178,0.59974524192112799170,-0.69989533855098096105
0.69989533855098695625,-0.38788163125841501611,0.59974524192102596221
0.59974524192110101328,-0.69989533855096897064,0.38788163125833102773
-0.38788163125825997346,0.59974524192114797572,0.69989533855096797144
0.59974524192104594622,0.69989533855095997783,-0.38788163125843300172
-0.38788163125837099576,-0.59974524192114098131,-0.69989533855091301540
-0.59974524192106704046,0.69989533855096996984,0.38788163125838298617
0.38788163125837199496,-0.59974524192109301968,0.69989533855095298343
-0.59974524192110800769,-0.69989533855098295945,-0.38788163125829600020
-0.69989533855096397463,-0.38788163125841501611,-0.59974524192105305165
0.69989533855089602898,0.38788163125838098777,-0.59974524192115397092
-0.96783462853689194993,-0.25102342967196200618,0.01683358430581100018
-0.25102342967201402013,0.01683358430575999931,-0.96783462853687995953
0.96783462853689394834,0.25102342967196200618,0.01683358430571500058
0.01683358430576399958,-0.96783462853690405137,-0.25102342967192098344
0.25102342967203999935,0.01683358430584799836,0.96783462853687196592
0.01683358430574199982,0.96783462853692103778,0.25102342967185597988
0.25102342967183299827,-0.01683358430577100093,-0.96783462853692703298
-0.01683358430579800016,0.96783462853690804817,-0.25102342967190199863
-0.25102342967187901701,-0.01683358430577600040,0.96783462853691504257
-0.01683358430576099851,-0.96783462853689794514,0.25102342967194601897
-0.96783462853691804018,0.25102342967187102341,-0.01683358430573100167
0.96783462853689905536,-0.25102342967193297385,-0.01683358430586200105
0.49100995651419998556,0.25643857842408401826,0.83255539040940595985
0.25643857842409201186,0.83255539040949000373,0.49100995651405299203
-0.49100995651407097764,-0.25643857842402201230,0.83255539040950099494
0.83255539040946302531,0.49100995651413198440,0.25643857842402900671
-0.25643857842414602421,0.83255539040944404050,-0.49100995651410300757
0.83255539040942905249,-0.49100995651413598120,-0.25643857842413197989
-0.25643857842403400271,-0.83255539040944903650,0.49100995651415302312
-0.83255539040943005169,-0.49100995651412598919,0.25643857842414802262
0.25643857842407302705,-0.83255539040946202611,-0.49100995651411100118
-0.83255539040949499974,0.49100995651407097764,-0.25643857842404199632
0.49100995651404000242,-0.25643857842404799152,-0.83255539040951198615
-0.49100995651416501353,0.25643857842407302705,-0.83255539040943005169
0.96391874013581002600,-0.03545521080379800127,-0.26382492384505801253
-0.03545521080368799899,-0.26382492384494699023,0.96391874013584499803
-0.96391874013583001002,0.03545521080378200018,-0.26382492384498901217
-0.26382492384507799654,0.96391874013580303160,-0.03545521080385499735
0.03545521080373000011,-0.26382492384503697380,-0.96391874013581901881
-0.26382492384501199378,-0.96391874013582101721,0.03545521080384200080
0.03545521080383200185,0.26382492384500699778,0.96391874013582301561
0.26382492384499700577,-0.96391874013582701242,-0.03545521080380600182
-0.03545521080387299684,0.26382492384498701377,-0.96391874013582701242
0.26382492384504302452,0.96391874013581402281,0.03545521080380899942
0.96391874013584899483,0.03545521080382200291,0.26382492384491501580
-0.96391874013581102520,-0.03545521080385700269,0.26382492384504802052
0.73338127849462997343,-0.39994989913267398052,-0.54971990916952095940
-0.39994989913267098292,-0.54971990916943203054,0.73338127849469803010
-0.73338127849467404928,0.39994989913269202164,-0.54971990916944901695
-0.54971990916953095141,0.73338127849462897423,-0.39994989913266199011
0.39994989913272399606,-0.54971990916946400496,-0.73338127849464496144
-0.54971990916943802574,-0.73338127849463197183,0.39994989913278400362
0.39994989913274697768,0.54971990916948898498,0.73338127849461398622
0.54971990916946200656,-0.73338127849466094865,-0.39994989913269701765
-0.39994989913272699367,0.54971990916947199857,-0.73338127849463696784
0.54971990916948998418,0.73338127849464396224,0.39994989913269002324
0.73338127849470002850,0.39994989913267997572,0.54971990916942203853
-0.73338127849462497743,-0.39994989913266798531,0.54971990916953195061
0.56450534904120397428,0.82321275896236401071,0.06045216609387699808
0.82321275896243295556,0.06045216609388599782,0.56450534904110094558
-0.56450534904115501345,-0.82321275896238899072,0.06045216609399200330
0.06045216609400300145,0.56450534904115701185,0.82321275896238699232
-0.82321275896239898273,0.06045216609388900236,-0.56450534904115201584
0.06045216609393699869,-0.56450534904117899426,-0.82321275896237700032
-0.82321275896234702429,-0.06045216609388000262,0.56450534904122895430
-0.06045216609390800105,-0.56450534904109994638,0.82321275896243295556
0.82321275896235002190,-0.06045216609390800105,-0.56450534904122096069
-0.06045216609394900298,0.56450534904115201584,-0.82321275896239398673
0.56450534904115201584,-0.82321275896239798353,-0.06045216609389700291
-0.56450534904124094471,0.82321275896234002989,-0.06045216609385799938
